"gamble"	"g1p1"	"g1o1"	"g1p2"	"g1o2"	"g1p3"	"g1o3"	"g1p4"	"g1o4"	"g1p5"	"g1o5"	"g2p1"	"g2o1"	"g2p2"	"g2o2"	"g2p3"	"g2o3"	"g2p4"	"g2o4"	"g2p5"	"g2o5"	"type"
1	0.4	15	0.2	0	0.4	-15	0	0	0	0	1	0	0	0	0	0	0	0	0	0	"WR"
2	0.4	10	0.2	0	0.4	-10	0	0	0	0	1	0	0	0	0	0	0	0	0	0	"WR"
3	0.4	5	0.2	0	0.4	-5	0	0	0	0	1	0	0	0	0	0	0	0	0	0	"WR"
4	0.2	15	0.6	0	0.2	-15	0	0	0	0	1	0	0	0	0	0	0	0	0	0	"WR"
5	0.2	10	0.6	0	0.2	-10	0	0	0	0	1	0	0	0	0	0	0	0	0	0	"WR"
6	0.2	5	0.6	0	0.2	-5	0	0	0	0	1	0	0	0	0	0	0	0	0	0	"WR"
7	0.2	15	0.6	0	0.2	-15	0	0	0	0	0.2	10	0.6	0	0.2	-10	0	0	0	0	"SYM"
8	0.2	10	0.6	0	0.2	-10	0	0	0	0	0.2	5	0.6	0	0.2	-5	0	0	0	0	"SYM"
9	0.2	5	0.6	0	0.2	-5	0	0	0	0	0.2	2	0.6	0	0.2	-2	0	0	0	0	"SYM"
10	0.2	15	0.2	9	0.2	0	0.2	-9	0.2	-15	0.2	10	0.2	9	0.2	0	0.2	-9	0.2	-10	"SYM"
11	0.2	10	0.2	3	0.2	0	0.2	-3	0.2	-10	0.2	5	0.2	3	0.2	0	0.2	-3	0.2	-5	"SYM"
12	0.2	5	0.2	2	0.2	0	0.2	-2	0.2	-5	0.4	2	0.2	0	0.4	-2	0	0	0	0	"SYM"
13	0.2	15	0.2	8	0.2	5	0.2	0	0.2	-15	0.2	10	0.2	8	0.2	5	0.2	0	0.2	-10	"SYM"
14	0.2	10	0.2	4	0.2	2	0.2	0	0.2	-10	0.2	5	0.2	4	0.2	2	0.2	0	0.2	-5	"SYM"
15	0.2	5	0.2	2	0.2	1	0.2	0	0.2	-5	0.4	2	0.2	1	0.2	0	0.2	-2	0	0	"SYM"
16	0.2	15	0.2	0	0.2	-5	0.2	-8	0.2	-15	0.2	10	0.2	0	0.2	-5	0.2	-8	0.2	-10	"SYM"
17	0.2	10	0.2	0	0.2	-2	0.2	-4	0.2	-10	0.2	5	0.2	0	0.2	-2	0.2	-4	0.2	-5	"SYM"
18	0.2	5	0.2	0	0.2	-1	0.2	-2	0.2	-5	0.2	2	0.2	0	0.2	-1	0.4	-2	0	0	"SYM"
19	0.4	15	0.2	5	0.4	-15	0	0	0	0	0.2	15	0.2	10	0.2	5	0.2	-10	0.2	-15	"SYM"
20	0.4	10	0.2	3	0.4	-10	0	0	0	0	0.2	10	0.2	5	0.2	3	0.2	-5	0.2	-10	"SYM"
21	0.4	5	0.2	2	0.4	-5	0	0	0	0	0.2	5	0.4	2	0.2	-2	0.2	-5	0	0	"SYM"
22	0.4	15	0.2	0	0.4	-15	0	0	0	0	0.2	15	0.2	10	0.2	0	0.2	-10	0.2	-15	"SYM"
23	0.4	10	0.2	0	0.4	-10	0	0	0	0	0.2	15	0.2	10	0.2	0	0.2	-10	0.2	-15	"SYM"
24	0.4	5	0.2	0	0.4	-5	0	0	0	0	0.2	5	0.2	2	0.2	0	0.2	-2	0.2	-5	"SYM"
25	0.4	15	0.2	-5	0.4	-15	0	0	0	0	0.2	15	0.2	10	0.2	-5	0.2	-10	0.2	-15	"SYM"
26	0.4	10	0.2	-3	0.4	-10	0	0	0	0	0.2	10	0.2	5	0.2	-3	0.2	-5	0.2	-10	"SYM"
27	0.4	5	0.2	-2	0.4	-5	0	0	0	0	0.2	5	0.2	2	0.4	-2	0.2	-5	0	0	"SYM"
28	0.2	15	0.4	0	0.4	-15	0	0	0	0	0.2	10	0.4	0	0.2	-10	0.2	-15	0	0	"STR"
29	0.2	10	0.4	0	0.2	-10	0.2	-12	0	0	0.2	5	0.4	0	0.2	-5	0.2	-12	0	0	"STR"
30	0.2	5	0.4	0	0.2	-5	0.2	-6	0	0	0.2	2	0.4	0	0.2	-2	0.2	-6	0	0	"STR"
31	0.4	15	0.4	0	0.2	-15	0	0	0	0	0.2	15	0.2	10	0.4	0	0.2	-10	0	0	"STR"
32	0.2	12	0.2	10	0.4	0	0.2	-10	0	0	0.2	12	0.2	5	0.4	0	0.2	-5	0	0	"STR"
33	0.2	6	0.2	5	0.4	0	0.2	-5	0	0	0.2	6	0.2	2	0.4	0	0.2	-2	0	0	"STR"
34	0.2	15	0.2	0	0.6	-15	0	0	0	0	0.2	10	0.2	0	0.2	-10	0.4	-15	0	0	"STR"
35	0.2	10	0.2	0	0.2	-10	0.4	-12	0	0	0.2	5	0.2	0	0.2	-5	0.4	-12	0	0	"STR"
36	0.2	5	0.2	0	0.2	-5	0.4	-6	0	0	0.2	2	0.2	0	0.2	-2	0.4	-6	0	0	"STR"
37	0.6	15	0.2	0	0.2	-15	0	0	0	0	0.4	15	0.2	10	0.2	0	0.2	-10	0	0	"STR"
38	0.4	12	0.2	10	0.2	0	0.2	-10	0	0	0.4	12	0.2	5	0.2	0	0.2	-5	0	0	"STR"
39	0.4	6	0.2	5	0.2	0	0.2	-5	0	0	0.4	6	0.2	2	0.2	0	0.2	-2	0	0	"STR"
40	0.2	15	0.2	0	0.4	-12	0.2	-15	0	0	0.2	10	0.2	0	0.2	-10	0.4	-12	0	0	"GER"
41	0.2	10	0.2	0	0.4	-8	0.2	-10	0	0	0.2	5	0.2	0	0.2	-5	0.4	-8	0	0	"GER"
42	0.2	5	0.2	0	0.4	-4	0.2	-5	0	0	0.2	2	0.2	0	0.2	-2	0.4	-4	0	0	"GER"
43	0.2	15	0.4	12	0.2	0	0.2	-15	0	0	0.4	12	0.2	10	0.2	0	0.2	-10	0	0	"GER"
44	0.2	10	0.4	8	0.2	0	0.2	-10	0	0	0.4	8	0.2	5	0.2	0	0.2	-5	0	0	"GER"
45	0.2	5	0.4	4	0.2	0	0.2	-5	0	0	0.4	4	0.2	2	0.2	0	0.2	-2	0	0	"GER"
46	0.4	15	0.2	12	0.2	-12	0.2	-15	0	0	0.2	15	0.2	12	0.2	10	0.2	-10	0.2	-12	"GER"
47	0.2	12	0.2	10	0.2	8	0.2	-8	0.2	-10	0.2	12	0.2	8	0.2	5	0.2	-5	0.2	-8	"GER"
48	0.2	8	0.2	5	0.2	4	0.2	-4	0.2	-5	0.2	8	0.2	4	0.2	2	0.2	-2	0.2	-4	"GER"
49	0.2	15	0.2	12	0.2	-12	0.4	-15	0	0	0.2	12	0.2	10	0.2	-10	0.2	-12	0.2	-15	"GER"
50	0.2	10	0.2	8	0.2	-8	0.2	-10	0.2	-12	0.2	8	0.2	5	0.2	-5	0.2	-8	0.2	-12	"GER"
51	0.2	5	0.2	4	0.2	-4	0.2	-5	0.2	-8	0.2	4	0.2	2	0.2	-2	0.2	-4	0.2	-8	"GER"
52	0.2	15	0.8	0	0	0	0	0	0	0	1	3	0	0	0	0	0	0	0	0	"WR"
53	0.2	10	0.8	0	0	0	0	0	0	0	1	2	0	0	0	0	0	0	0	0	"WR"
54	0.2	5	0.8	0	0	0	0	0	0	0	1	1	0	0	0	0	0	0	0	0	"WR"
55	0.2	15	0.2	10	0.4	5	0.2	0	0	0	0.4	10	0.6	5	0	0	0	0	0	0	"SYM"
56	0.4	10	0.2	5	0.4	0	0	0	0	0	0.2	10	0.6	5	0.2	0	0	0	0	0	"SYM"
57	0.4	5	0.2	3	0.4	0	0	0	0	0	0.2	5	0.4	3	0.2	2	0.2	0	0	0	"SYM"
58	0.2	15	0.4	5	0.4	0	0	0	0	0	0.2	10	0.6	5	0.2	0	0	0	0	0	"STR"
59	0.2	10	0.4	5	0.4	0	0	0	0	0	0.8	5	0.2	0	0	0	0	0	0	0	"STR"
60	0.4	15	0.4	5	0.2	0	0	0	0	0	0.2	15	0.2	10	0.6	5	0	0	0	0	"STR"
61	0.4	10	0.4	5	0.2	0	0	0	0	0	0.2	10	0.8	5	0	0	0	0	0	0	"STR"
62	0.2	15	0.2	5	0.6	0	0	0	0	0	0.2	10	0.4	5	0.4	0	0	0	0	0	"STR"
63	0.2	10	0.2	5	0.6	0	0	0	0	0	0.6	5	0.4	0	0	0	0	0	0	0	"STR"
64	0.6	15	0.2	5	0.2	0	0	0	0	0	0.4	15	0.2	10	0.4	5	0	0	0	0	"STR"
65	0.6	10	0.2	5	0.2	0	0	0	0	0	0.4	10	0.6	5	0	0	0	0	0	0	"STR"
66	0.2	15	0.2	7	0.4	2	0.2	0	0	0	0.2	10	0.2	7	0.2	5	0.4	2	0	0	"GER"
67	0.2	10	0.2	5	0.4	1	0.2	0	0	0	0.6	5	0.4	1	0	0	0	0	0	0	"GER"
68	0.2	15	0.4	11	0.2	6	0.2	0	0	0	0.4	11	0.2	10	0.2	6	0.2	5	0	0	"GER"
69	0.2	10	0.4	6	0.2	5	0.2	0	0	0	0.4	6	0.6	5	0	0	0	0	0	0	"GER"
70	0.4	15	0.2	11	0.2	2	0.2	0	0	0	0.2	15	0.2	11	0.2	10	0.2	5	0.2	2	"GER"
71	0.2	11	0.2	10	0.2	6	0.2	2	0.2	0	0.2	11	0.2	6	0.4	5	0.2	2	0	0	"GER"
72	0.2	15	0.2	11	0.2	4	0.4	0	0	0	0.2	11	0.2	10	0.2	5	0.2	4	0.2	0	"GER"
73	0.2	10	0.2	6	0.2	4	0.4	0	0	0	0.2	6	0.4	5	0.2	4	0.2	0	0	0	"GER"
74	0.8	0	0.2	-15	0	0	0	0	0	0	1	-3	0	0	0	0	0	0	0	0	"WR"
75	0.8	0	0.2	-10	0	0	0	0	0	0	1	-2	0	0	0	0	0	0	0	0	"WR"
76	0.8	0	0.2	-5	0	0	0	0	0	0	1	-1	0	0	0	0	0	0	0	0	"WR"
77	0.2	0	0.4	-5	0.2	-10	0.2	-15	0	0	0.6	-5	0.4	-10	0	0	0	0	0	0	"SYM"
78	0.4	0	0.2	-5	0.4	-10	0	0	0	0	0.2	0	0.6	-5	0.2	-10	0	0	0	0	"SYM"
79	0.4	0	0.2	-3	0.4	-5	0	0	0	0	0.2	0	0.2	-2	0.4	-3	0.2	-5	0	0	"SYM"
80	0.4	0	0.4	-5	0.2	-15	0	0	0	0	0.2	0	0.6	-5	0.2	-10	0	0	0	0	"STR"
81	0.4	0	0.4	-5	0.2	-10	0	0	0	0	0.2	0	0.8	-5	0	0	0	0	0	0	"STR"
82	0.2	0	0.4	-5	0.4	-15	0	0	0	0	0.6	-5	0.2	-10	0.2	-15	0	0	0	0	"STR"
83	0.2	0	0.4	-5	0.4	-10	0	0	0	0	0.8	-5	0.2	-10	0	0	0	0	0	0	"STR"
84	0.6	0	0.2	-5	0.2	-15	0	0	0	0	0.4	0	0.4	-5	0.2	-10	0	0	0	0	"STR"
85	0.6	0	0.2	-5	0.2	-10	0	0	0	0	0.4	0	0.6	-5	0	0	0	0	0	0	"STR"
86	0.2	0	0.2	-5	0.6	-15	0	0	0	0	0.4	-5	0.2	-10	0.4	-15	0	0	0	0	"STR"
87	0.2	0	0.2	-5	0.6	-10	0	0	0	0	0.6	-5	0.4	-10	0	0	0	0	0	0	"STR"
88	0.2	0	0.4	-2	0.2	-7	0.2	-15	0	0	0.4	-2	0.2	-5	0.2	-7	0.2	-10	0	0	"GER"
89	0.2	0	0.4	-1	0.2	-5	0.2	-10	0	0	0.4	-1	0.6	-5	0	0	0	0	0	0	"GER"
90	0.2	0	0.2	-6	0.4	-11	0.2	-15	0	0	0.2	-5	0.2	-6	0.2	-10	0.4	-11	0	0	"GER"
91	0.2	0	0.2	-5	0.4	-6	0.2	-10	0	0	0.6	-5	0.4	-6	0	0	0	0	0	0	"GER"
92	0.2	0	0.2	-2	0.2	-11	0.4	-15	0	0	0.2	-2	0.2	-5	0.2	-10	0.2	-11	0.2	-15	"GER"
93	0.2	0	0.2	-2	0.2	-6	0.2	-10	0.2	-11	0.2	-2	0.4	-5	0.2	-6	0.2	-11	0	0	"GER"
94	0.4	0	0.2	-4	0.2	-11	0.2	-15	0	0	0.2	0	0.2	-4	0.2	-5	0.2	-10	0.2	-11	"GER"
95	0.4	0	0.2	-4	0.2	-6	0.2	-10	0	0	0.2	0	0.2	-4	0.4	-5	0.2	-6	0	0	"GER"
